time(hour),c(picomolar),o(nanomolar),a(picomolar),r(nanomolar),c',o',a',r',f(dimensionless)
0,2.121995791e-314,1.732169646524e-312,1.3805450280946177e-266,2.07955587514e-312,1,1.3805450280946177e-266,-1.3805450280946177e-265,0.05,0
1.2207031250909496e-8,2.4414062170908444e-8,3.637978273644288e-24,2.980231837927139e-16,6.103515558399523e-10,1.999999975585938,2.9802318015473564e-16,2.4414059190676608e-8,0.049999999450683605,1
0.021320915192039984,0.042190077695601624,0.0000031726568226619097,0.00041945268989643084,0.0010558822180632402,1.9577464711810315,0.0004162800330737689,0.03799554938329004,0.04904970600375431,1
0.04194608944999582,0.08215233905085004,0.000021892553019984515,0.0015136586926901674,0.0020582108096643633,1.9174099057245448,0.0014917661396701828,0.06701571510654064,0.048147610273332433,1
0.06913468870373268,0.13356567113345258,0.00009008986654671094,0.0037534682980282234,0.0033513894510951185,1.8646341533113684,0.0036633784314815125,0.09603058488459464,0.046983749585173845,1
0.09632328795746956,0.18354579963033196,0.0002260967184474947,0.0066661105526547165,0.004613308629172909,1.8119424668820787,0.006440013834207222,0.1168827796420548,0.04584802332170591,1
0.12351188721120643,0.23209153169506272,0.00044346676181451707,0.01005669631663584,0.005844724004230046,1.759078291965721,0.009613229554821322,0.13151855300945503,0.044739755114350174,1
0.15070048646494327,0.2791960741923392,0.0007507261550384766,0.013777400633468048,0.007046372991101899,1.7059012807610487,0.01302667447842957,0.1414072994555279,0.04365829229101252,1
0.17788908571868012,0.32484997632752177,0.001152714640349906,0.017715176366833677,0.008218975839867465,1.6523584526415198,0.01656246172648377,0.14766743885339725,0.042603011503322095,1
0.19887221616350623,0.3590858909757917,0.0015290774493867925,0.020847420555683286,0.009104532694745822,1.6107931330870626,0.019318343106296494,0.15056170210714623,0.041806114383845516,1
0.21985534660833234,0.39244764617155325,0.0019632113592239686,0.024025664114258383,0.00997352592820588,1.569044124574909,0.022062452755034413,0.15211417827558688,0.041024210046326406,1
0.24083847705315845,0.4249317821017629,0.002454624644395478,0.02722419344493748,0.010826267912075607,1.5271518909795625,0.024769568800542003,0.15257695447951092,0.04025706507864544,1
0.26182160749798455,0.45653586571156796,0.0030023119940566613,0.030422476180679645,0.011663066019308511,1.4851681225594935,0.027420164186622985,0.1521512985196072,0.039504466712789996,1
0.28280473794281064,0.4872585963525903,0.0036048927042138437,0.0336039106824193,0.012484223270923656,1.4431521668822,0.029999017978205457,0.15100030092338676,0.03876622443776974,1
0.3037878683876367,0.5170999294387607,0.004260717027947975,0.03675486540797202,0.013290039008400766,1.4011680980714307,0.03249414838002405,0.14925863273930146,0.03804217128359931,1
0.3247709988324628,0.5460611998607415,0.0049679272213649225,0.03986414458870368,0.014080809417076394,1.3592827017886042,0.03489621736733876,0.14703803787986422,0.037332164844045126,1
0.3457541292772889,0.5741451861765274,0.0057244978037275535,0.04292265012096057,0.014856827988837014,1.3175639650108386,0.037198152317233016,0.14443080159705204,0.03663608789948386,1
0.3793455800402179,0.6172889704071504,0.007033038617416723,0.04769531929835227,0.016069156312508125,1.251292942088936,0.04066228068093555,0.13963893584837236,0.03555053154513406,1
0.4129370308031469,0.6582204408736344,0.008453254979913139,0.05229684455547106,0.01724561190658428,1.185892029858963,0.04384358957555792,0.13429382815764573,0.034500201094124903,1
0.44652848156607594,0.6969732084259667,0.009975499838809809,0.056712137479404685,0.018387375653436296,1.1216136613144607,0.04673663764059488,0.12857576324166245,0.03348500487338117,1
0.5033151273356281,0.7576495229662341,0.01275387112455127,0.06372573492172993,0.020241949706980726,1.0161254969536946,0.05097186379717866,0.11844123795886391,0.03184888906908682,1
0.5601017731051803,0.8124656905936728,0.015749987588334017,0.07015497938152183,0.0220064944198246,0.9153962657401974,0.05440499179318782,0.10810960100965382,0.030314273548055777,1
0.6168884188747324,0.8617143058957067,0.018919224525578388,0.07599976062338651,0.02368680648404587,0.8200995538724581,0.057080536097808124,0.09787227580008248,0.028882659725028216,1
0.6736750646442846,0.9057182896389958,0.022219874953993354,0.08127306788514678,0.025288778641105725,0.730676773563982,0.05905319293115342,0.08792669542045291,0.02755574633896512,1
0.7304617104138368,0.944817290101062,0.025613786966113394,0.08599491520905496,0.02681840658187911,0.6473646258374619,0.06038112824294156,0.07842226810858684,0.026335071924700987,1
0.787248356183389,0.9793597635976247,0.029066291908995606,0.09019160743250697,0.028281762758196837,0.5702315126514801,0.06112531552351136,0.06945854335459063,0.02522171675512253,1
0.8440350019529411,1.0096958524595558,0.032546077780127886,0.0938950586129399,0.02968495629064756,0.49921337631269846,0.06134898083281201,0.06108364663418476,0.024216073950240207,1
0.9008216477224933,1.0361694395706629,0.036025279562366674,0.09714002168250607,0.03103409245420353,0.434145494855194,0.0611147421201394,0.05331280961361621,0.023317706876949125,1
0.9576082934920455,1.0591119250010652,0.03947953980009244,0.09996135330860766,0.032335229398701586,0.3747901389622076,0.06048181350851522,0.04614840442419535,0.022525298517141124,1
0.9901513799147045,1.0707906132773466,0.041439617617567544,0.10140026361988128,0.03306155535629853,0.34324035887057974,0.05996064600231373,0.04231579960595875,0.022118142931842,1
1.0133788498894987,1.06921177776633,0.04282711871947478,0.10229400186275282,0.0335721351627757,-0.3690646285655613,0.05946688314327804,0.031116556695346697,0.021848076161616655,0
1.0427543684042713,1.0584050807795475,0.04455892804203424,0.1029339700140309,0.034209210244834434,-0.36664566228882367,0.05837504197199666,0.013174074848286404,0.02152989327730311,0
1.0674430292783301,1.0493807103609403,0.04598517435791577,0.10311320753137977,0.034737658809657734,-0.3643796447402128,0.057128033173464,0.0017492107249558301,0.021281354278282892,0
1.092131690152389,1.0404149694648928,0.04737794682790546,0.1030420145275097,0.035260164176726394,-0.3618874003654881,0.05566406769960425,-0.0071002884884237595,0.021048836902974984,0
1.1303114105018979,1.0266786358083975,0.049455525277990846,0.10256804118968936,0.03605738048366825,-0.3575832657041634,0.053112515911698514,-0.01698912915110365,0.020718210743236976,0
1.1561468004143773,1.017481309978421,0.0508041035079641,0.10206351992474416,0.03658995464516149,-0.3543693808344046,0.051259416416780064,-0.02172286879541053,0.020512723870041407,0
1.1819821903268568,1.008370019412462,0.052103911726839716,0.10145318118380091,0.037117396477557074,-0.3509247317489341,0.04934926945696119,-0.02529328516519655,0.020320613422410153,0
1.2078175802393363,0.9993505579961528,0.05335383688279612,0.10076370631884277,0.03764003845569192,-0.3472638412064901,0.047409869436046644,-0.027960761183987066,0.02014079518910947,0
1.2336529701518157,0.9904283112886564,0.05455346725871735,0.10001518022376676,0.03815818405602888,-0.34340303405819905,0.04546171296504942,-0.029920421582596286,0.01997225129861407,0
1.2594883600642952,0.9816082230756346,0.05570284056204682,0.0992233640041204,0.03867211074835176,-0.33935918228083617,0.043520523442073585,-0.03132480032815186,0.019814013761735166,0
1.2853237499767747,0.9728947966865876,0.056802310679013916,0.09840089054173375,0.03918207213315874,-0.33514909276831123,0.04159857986271983,-0.03229574363791389,0.019665158307646997,0
1.3111591398892541,0.9642921078509818,0.05785248948536363,0.0975577778698866,0.03968829913558955,-0.330789270321947,0.039705288384522974,-0.03292950590248341,0.019524806606315115,0
1.3369945298017336,0.9558038162689267,0.05885420216562439,0.09670182162226977,0.04019100085039267,-0.32629576022305573,0.03784761945664538,-0.03330064218575346,0.019392128699243463,0
1.381084453526315,0.9415912469569758,0.0604546144281599,0.09522815377115748,0.04104128327435229,-0.318362053104325,0.03477353934299758,-0.03348682748382696,0.019181210875257287,0
1.4251743772508962,0.9277347733903851,0.061922367883420856,0.09375594296760134,0.041882643651878125,-0.3101548719403462,0.031833575084180485,-0.033276972837959634,0.018986782001102823,0
1.4692643009754776,0.9142449923705885,0.063263632758459,0.09229899482450928,0.04271573554550145,-0.3017387145766515,0.02903536206605027,-0.03280100011752139,0.018805604678491388,0
1.5133542247000589,0.9011298033293694,0.06448477377366173,0.09086665967283118,0.04354107588621128,-0.2931707946882146,0.026381885899169455,-0.03214714922827267,0.018634753915104635,0
1.5574441484246402,0.8883947514177263,0.06559215288717613,0.08946560479618841,0.04435905966500105,-0.2845014010599132,0.023873451909012286,-0.031379251927419104,0.01847158641602822,0
1.6015340721492215,0.8760433295561931,0.06659208494396628,0.08810023801288287,0.04516997348537076,-0.2757747151521217,0.021508153068916597,-0.030540623097614485,0.01831373417814605,0
1.6687171924982986,0.857963583210795,0.06792315675840353,0.08609391595210619,0.04639243304074291,-0.26245310133084065,0.01817075919370266,-0.029185147507617124,0.018078743901310708,0
1.7359003128473758,0.8407771999467285,0.06904038742265481,0.08418088612550148,0.0475991856081359,-0.24920259742308337,0.015140498702846672,-0.02778272713820071,0.017844894500834523,0
1.803083433196453,0.8244760806626634,0.06996385194419098,0.08236259814900987,0.04879012191193346,-0.23611568016505752,0.012398746204818886,-0.026364769979843192,0.017606966877913778,0
1.87026655354553,0.8090465496858126,0.0707123252981432,0.080639090885305,0.04996481516667948,-0.2232657642307879,0.00992676558716181,-0.024953543581416833,0.017360757686987475,0
1.9374496738946072,0.794470620479557,0.07130329479703333,0.07900946797253916,0.05112259113118407,-0.21071068685724217,0.007706173175505829,-0.023565645998261216,0.017102974279952728,0
2.004632794243684,0.7807269234878589,0.07175302020058194,0.07747196248233401,0.05226258569234201,-0.1984955316717796,0.005718942281752071,-0.022211734917860264,0.016831149409879665,0
2.071815914592761,0.7677914356179512,0.07207658046369943,0.07602413170313102,0.0533837948981318,-0.18665482928530966,0.003947551239431593,-0.020897761532294383,0.0165435553479046,0
2.1791331845939266,0.748739985788573,0.07236597738307236,0.07389036976048574,0.05513309058159495,-0.16857908908355568,0.0015243923774133777,-0.018890509874881407,0.016048984904392993,0
2.286450454595092,0.7315707152140565,0.07241976759333318,0.07196568233658174,0.05682694983203172,-0.15159081270161032,-0.0004540852567514464,-0.017003081593803406,0.015510150178184625,0
2.3937677245962576,0.7161644260712248,0.0722824800011883,0.07023681165689108,0.05846064189027868,-0.13572235210461908,-0.0020456683442972162,-0.015239546291280139,0.014928538836016539,0
2.501084994597423,0.7024001325276584,0.07199275287936836,0.06869034294107379,0.06002974655306502,-0.12098028590111114,-0.003302409938294573,-0.013601434374434146,0.014307936895136405,0
2.6084022645985887,0.6901577035806247,0.07158397598980809,0.0673129434165447,0.061530386212276425,-0.10735269849122228,-0.004271032573263389,-0.012087897931528667,0.013653849703122396,0
2.7157195345997542,0.679319151077515,0.07108481546779549,0.06609146360899923,0.06295934191239785,-0.09481374230367955,-0.004993351858796263,-0.010695727955403996,0.01297296338415425,0
2.8230368046009198,0.6697695750494749,0.07051968272451173,0.06501309820767437,0.0643141275301128,-0.08332701075290595,-0.0055065845168373595,-0.009420276412334842,0.012272650953193853,0
3.0007488054654643,0.656495921609348,0.0694925824698836,0.0635094224273339,0.06639030217208955,-0.06649960116406499,-0.005983160042549701,-0.007550854123104927,0.01109070821284722,0
3.2898217294533825,0.6406077860727425,0.06773694297975016,0.061697202257504725,0.06931840730812536,-0.04443619606068189,-0.006039740722245439,-0.005094440528941369,0.00918479179558473,0
3.4955505367339343,0.6327633348243793,0.06652217204040879,0.06079328420539314,0.07107366295933448,-0.0322427027986711,-0.005728887835015649,-0.003735789414883827,0.007898681507392216,0
3.701279344014486,0.6271668049048791,0.0653903856407715,0.06014046332984237,0.07257428906212647,-0.022536737609429675,-0.005249922310929134,-0.002652570045428567,0.006708398425420825,0
3.907008151295038,0.6233440607819752,0.06436766731991375,0.05968617527570633,0.07384211919756335,-0.014951901724519103,-0.004681492044207425,-0.0018011881654601413,0.0056344314734856835,0
3.954268666564758,0.6226727379826595,0.06414964738247872,0.059605031626147616,0.07410297788664867,-0.01347252589207926,-0.004544615756331104,-0.0016342169238355525,0.005405431045980264,0
3.982339538713947,0.6223063583402767,0.06402322445114976,0.05956049053804806,0.07425284313568456,-0.012636597642562112,-0.004462733913101702,-0.0015398442521155676,0.005272612033128617,0
4.0023832053199495,0.6234792297548376,0.06393436373723321,0.0595318518182731,0.0743575878953389,0.5965212353128502,-0.004402511918960114,-0.00013437287819632274,0.005179238512510714,1
4.029383849774607,0.6393856803446806,0.06381884613062677,0.05971624649021923,0.07449576731588883,0.5814750736159651,-0.004102599640407545,0.013204922141599436,0.005056957785298252,1
4.063349893242747,0.658820877435816,0.0636918424129033,0.060380211675440144,0.07466509783278873,0.5629871067122973,-0.003311630737463149,0.025110460532449266,0.004916598260990325,1
4.093717524712123,0.6756706571297649,0.06360536769621258,0.06126082534149672,0.07481274336440526,0.5467831218401652,-0.002344542354715866,0.03237111189216041,0.00481041345738328,1
4.119219287781953,0.6894431522760994,0.06355716421044717,0.062145085914649886,0.07493446952675921,0.5333709076611483,-0.0014120782957972866,0.03664946001519343,0.004738461657932827,1
4.144721050851783,0.7028756447047356,0.06353369017205833,0.06312155504275895,0.0750545784631183,0.5201139410471327,-0.00041213512929938467,0.03966900238798338,0.004683871848468572,1
4.170222813921613,0.7159719306826725,0.06353632573960263,0.06416140704073506,0.07517352351782519,0.50699794524849,0.0006250813011324241,0.041720114825459134,0.004647582211250417,1
4.195724576991442,0.7287354756340202,0.06356570445287212,0.06524303206565259,0.075291779047348,0.49401473761514925,0.0016773276127804715,0.043021027494106516,0.004630039422694759,1
4.221226340061272,0.741169577858925,0.06362193898145578,0.06634997684413887,0.07540982744153185,0.4811603935678722,0.0027280378626830942,0.043738501454981385,0.0046313550153228465,1
4.246728103131102,0.7532774892775234,0.0637047953926608,0.06746934783235263,0.07552814984770391,0.4684338205242565,0.003764552439691829,0.04400385064654013,0.004651425983353664,1
4.272229866200932,0.7650624784800616,0.06381378377883988,0.06859098592932619,0.07564722146643321,0.4558360038479827,0.004777202150486312,0.04392122466175165,0.004689996785104968,1
4.2977316292707615,0.776527865683167,0.06394820855064375,0.06970701356628982,0.07576750903286632,0.4433695749053334,0.0057588050156460735,0.04357215586334441,0.004746692729835905,1
4.336512625831173,0.7933586186457458,0.06419944591040093,0.07138014872015341,0.07595378465642084,0.4246722881645881,0.007180702809752484,0.04267013129939939,0.0048666047980208725,1
4.375293622391584,0.8094706268923252,0.0645040405030693,0.0730115695765216,0.07614547152114466,0.40630498195217873,0.008507529073452313,0.04145763645729354,0.00502548848060939,1
4.414074618951995,0.8248770360895311,0.06485814422370179,0.07459179159886466,0.07634404331202468,0.38828717209549496,0.009733647375162871,0.04004205308731767,0.0052213085063625144,1
4.4765952362431065,0.8482643406938305,0.0655232450285075,0.07701610902513374,0.07668216894159034,0.3600251655054631,0.011492863996626246,0.037521523861267655,0.0056096627524303,1
4.539115853534218,0.8699167255931654,0.06629008673430886,0.07927731406256039,0.07704719703743684,0.33280079009104613,0.012987227328251527,0.03487190104268105,0.00608053535698152,1
4.60163647082533,0.8899012686091289,0.06714234044938998,0.08137218831561954,0.07744404008504828,0.30668362700898166,0.014229847866229564,0.03219368669998027,0.00662622522479617,1
4.664157088116442,0.9082890036520928,0.06806467617197516,0.08330189439567474,0.07787715938897287,0.28172905698633943,0.015237218223699583,0.029548109074389844,0.007239923572770086,1
4.726677705407553,0.9251539984748791,0.0690429977799317,0.08506925207058465,0.07835062243188626,0.25797693641524644,0.01602625429065295,0.026983073644827552,0.007915802054981772,1
4.789198322698665,0.9405723456785229,0.07006433037158753,0.08667918375224787,0.07886815545108507,0.23545321807728392,0.016614853380660335,0.024527582986457554,0.0086488606132007,1
4.851718939989777,0.9546212991190951,0.07111674594434889,0.08813877754053903,0.07943319229574636,0.2141713803831473,0.017022031596190146,0.022190135067715874,0.009434814190659696,1
4.947125927193622,0.9735968683698446,0.0727585558208995,0.09009383502228605,0.08039417192866757,0.1840881970653051,0.01733527920138654,0.01885637786527093,0.010728361930680785,1
4.972837859118717,0.9782317674870574,0.0732046830309909,0.09056768191121109,0.08067472061518313,0.1764714224042616,0.017362998880220193,0.01800447979453243,0.011095357010471202,1
4.9985497910438115,0.9826734710881113,0.073651236378647,0.09101990407374737,0.08096480266019354,0.1690603384190059,0.01736866769510037,0.017173728547061343,0.011469887741902121,1
5.020018637655094,0.9748614503216371,0.074023330257126,0.09128073750629975,0.08121445364091603,-0.40022585489747037,0.017257407249173753,0.006771179772365459,0.011787668637459356,0
5.042734618500839,0.9658577945607086,0.07441170717883158,0.09132501424832852,0.08148605463178171,-0.3925017875727956,0.01691330706949694,-0.002609210509557376,0.012124963142870981,0
5.065639635981473,0.9569553671366592,0.07479330803876433,0.09117788020976302,0.08176764518168063,-0.3848510851018872,0.016384572170998687,-0.009974814971764598,0.012462136392125603,0
5.096402464652057,0.9452719115776604,0.0752838358284448,0.09075087194415332,0.08215785150137962,-0.37476865023944556,0.015467036115708516,-0.017297763822250335,0.012904506466494828,0
5.135023104512591,0.9310381586715262,0.07585553178484124,0.08995327681847964,0.08266655274604383,-0.3623895697698718,0.014097745033638406,-0.023432371312979507,0.013434263175313032,0
5.173643744373125,0.917276957653661,0.0763714163613378,0.08896805121322689,0.08319503939682196,-0.3502916600183187,0.012596634851889082,-0.027202987284106445,0.013927778548736652,0
5.212264384233659,0.9039778487699358,0.07682804985311585,0.08787059316557871,0.08374180269881422,-0.3384567106752382,0.011042543312462863,-0.029371854138484265,0.01437986516572387,0
5.2613891220494,0.8877137102673242,0.0773219629280648,0.08639082836105601,0.08446104797383255,-0.3237677762796231,0.009068865432991208,-0.030614444279915477,0.014890409380526342,0
5.291203539934874,0.8781911125602455,0.07757486751257214,0.08547386323975051,0.08490914023900581,-0.3150483581785192,0.007898995727178365,-0.03081767177006473,0.01516382511422128,0
5.321017957820348,0.8689262879167056,0.07779333551585067,0.08455557955490406,0.08536497094478844,-0.30647550926485456,0.006762244039053386,-0.030740005080188097,0.015409380450052997,0
5.350832375705822,0.8599148725332346,0.07797846302411007,0.0836430406250493,0.08582770908122632,-0.2980491372029246,0.005664577600939233,-0.030457018142371884,0.01562712418604721,0
5.380646793591295,0.8511524999200222,0.07813149608196784,0.08274130167980354,0.08629652741558827,-0.2897694643563134,0.004609805597835692,-0.03002426820700692,0.015817285523051575,0
5.410461211476769,0.8426347923149129,0.07825376030869216,0.08185408476654261,0.08677060784870502,-0.28163680928878027,0.003600324457850454,-0.029484011487907538,0.015980212139189365,0
5.440275629362243,0.8343573605440407,0.07834662632813232,0.08098411004026823,0.08724914466184981,-0.273651492096525,0.0026374837121359157,-0.028868497678270114,0.01611634175092233,0
5.488677447480322,0.8214198286954028,0.07843836633487083,0.07961324170807516,0.08803348165271627,-0.2610022343517486,0.0011748753732043205,-0.02776959692582198,0.016281605256559032,0
5.537079265598401,0.8090851189389663,0.07846228133850923,0.07829757816368786,0.08882419400500972,-0.24874262387515558,-0.00016470317482136787,-0.026604795684910535,0.01638011100207035,0
5.5854810837164806,0.7973343716168726,0.07842426051060856,0.07703902969073527,0.08961811536257151,-0.23687247190758778,-0.0013852308198732954,-0.025414566068162628,0.016414654531441614,0
5.63388290183456,0.7861487613909102,0.07832995919988234,0.07583800959338331,0.0904122183859093,-0.22539048808297804,-0.002491949606499025,-0.024224151196114135,0.016388181819711328,0
5.682284719952639,0.7755095518700024,0.07818474519751113,0.0746941123985951,0.09120362231037166,-0.2142942812296693,-0.003490632798916038,-0.023050287436039492,0.01630372877044867,0
5.730686538070718,0.7653981472953502,0.07799369193423007,0.0736063497118585,0.09198959652203471,-0.20358048447081192,-0.004387342222371568,-0.021903529774856035,0.016164405712181022,0
5.814614735155234,0.7490620205211379,0.07756770133053151,0.07184905441291574,0.09333207570133567,-0.1858965391262075,-0.005718646917615769,-0.019996389144289178,0.015802153445487587,0
5.89854293223975,0.734163358681635,0.07704095694212428,0.07024740569381083,0.09463822072491382,-0.16932230875051316,-0.006793551248313448,-0.018201165392698337,0.015301323810296214,0
5.982471129324266,0.7206103022898513,0.07643371484038598,0.06879164012873282,0.09589710958687907,-0.1538252063093759,-0.007642074711653166,-0.016518068226067967,0.014678896381551098,0
6.066399326408782,0.7083139209650033,0.07576380951292566,0.06747222776525777,0.09709924272782411,-0.13936858303042696,-0.008291581747667892,-0.014945547868997815,0.013951804970960229,0
6.150327523493298,0.697188527810284,0.07504687657124064,0.06628004226661062,0.0982365394792788,-0.12591298174647306,-0.008766834304630017,-0.013481899476261962,0.013136790872175418,0
6.28556877604747,0.6815179566001797,0.07382670883972525,0.0646042389078158,0.09991631947606919,-0.10623237092989148,-0.00922246993190945,-0.011342989430905179,0.011680013344265154,0
6.420810028601642,0.6683506133605573,0.07256703919469011,0.06320039057736526,0.10139012962045538,-0.08886567541026885,-0.00936664861732485,-0.009457641262709468,0.010102890883800763,0
6.556051281155814,0.6573856646591494,0.07130495151732785,0.062035650331158834,0.10264586298549896,-0.07363137668175374,-0.009269301186169018,-0.007804490071104514,0.008464964204373742,0
6.691292533709986,0.6483468195629186,0.07006891271523794,0.06107994214824563,0.10367892321505337,-0.060349881125150016,-0.008988970566992306,-0.006362915910205834,0.006818769542561864,0
6.826533786264158,0.6409818888100848,0.06888027179519297,0.06030592708351525,0.10449131532278365,-0.048846413558875396,-0.008574344711677721,-0.005113847335416324,0.005208915485589247,0
6.96177503881833,0.6350619441543334,0.06775442709672064,0.059688829846962,0.1050905201887823,-0.03895248981281595,-0.008065597249758638,-0.004039268310195371,0.0036714932653313004,0
7.097016291372502,0.6303803349395415,0.06670183748745785,0.059206264766313,0.1054883083811904,-0.030506923181115586,-0.007495572721144851,-0.0031217491607303553,0.002234020338536476,0
7.31014560358666,0.6250738683815603,0.06520645218614374,0.05867089816361671,0.10574288894110333,-0.0197706330858432,-0.006535554022527028,-0.0019546201813249614,0.00021634007863788175,0
7.523274915800819,0.6217614317525884,0.0639181787847731,0.05835235299992654,0.10560237303864017,-0.011700969018302951,-0.005565825784846559,-0.001076740272297116,-0.0014662084114880005,0
7.736404228014978,0.6199295062509708,0.0628325567778734,0.05819485735887076,0.10514004931255476,-0.0058017054057496135,-0.00463769941900264,-0.000435114810497473,-0.0028089146602433917,0
7.949533540229137,0.6191635841395129,0.06193664205624156,0.05815326212924994,0.10442713461433108,-0.0016381202900809216,-0.003783379926991619,0.000017105462363371825,-0.00383088441490998,0
7.998078793581423,0.6191024384225757,0.06175741616617185,0.05815608739315321,0.10423646503800192,-0.0008927614253185733,-0.003601328773018643,0.00009800282173161697,-0.004021950222250716,0
8.02494835421416,0.6342978389765936,0.06166342242706708,0.05832347707516289,0.10412706396017407,0.602840389308955,-0.0033399453519041902,0.012793123632508247,-0.004119658669031515,1
8.047686326757331,0.6478569480474256,0.061592566694970596,0.05871768344049357,0.10403256654664628,0.589823745381555,-0.0028748832544770245,0.02166759812261802,-0.0041908083296472295,1
8.079798854765462,0.6665071790830954,0.061514650238771985,0.05956646793882951,0.10389676284698525,0.5717705852208483,-0.0019481822999424733,0.030803814300543266,-0.004263000706765157,1
8.111911382773593,0.68458268854559,0.06146989861828128,0.0606610639311916,0.10375926669413271,0.5540382662665809,-0.0008088346870896851,0.03692677231879366,-0.0042937012205554684,1
8.144023910781724,0.702093128213559,0.061463856180728235,0.061916267614736585,0.10362152846261252,0.5365741793239115,0.0004524114340083499,0.04089172753756411,-0.0042767717026266135,1
8.169968512286397,0.7158332022857163,0.06148927339693005,0.06300635545241369,0.10351115449140542,0.5226391481868324,0.0015170820554836414,0.04293449508648755,-0.004226278915691841,1
8.19591311379107,0.7292136621887393,0.06154256226066507,0.06413872489852337,0.10340252345019002,0.5088501471327943,0.002596162637858307,0.044198117280804576,-0.0041422598709555955,1
8.221857715295743,0.7422382386394824,0.0616238805626822,0.06529532937988393,0.10329650451615496,0.495202659968533,0.0036714488172017307,0.04486509574271838,-0.0040247952005443895,1
8.247802316800415,0.7549105750571221,0.06173293483674263,0.06646269041743413,0.10319396012411217,0.48169593432134883,0.004729755580691504,0.045072510834680536,-0.003874461662912681,1
8.273746918305088,0.7672343268014606,0.061869123739286117,0.06763058434889581,0.10309573357944751,0.46833176128170734,0.005761460609609692,0.04492517601457187,-0.0036921504349617397,1
8.29969151980976,0.7792132277622625,0.06203164521925238,0.06879105686092374,0.10300264141319732,0.45511355901677014,0.006759411641671355,0.04450549637932815,-0.003478933560740594,1
8.325636121314433,0.7908511240126496,0.0622195530983192,0.06993790845603953,0.10291546994375622,0.44204587379120064,0.007718355357720336,0.04387861382802826,-0.0032359947272201923,1
8.351580722819106,0.8021519922689608,0.06243179014430448,0.07106639781834523,0.10283497368393064,0.4291340744690829,0.00863460767404075,0.04309537118492807,-0.0029645903687156297,1
8.394533425319928,0.8201314550617349,0.06283358990866937,0.07288500260695603,0.10271829909761948,0.4081163537114835,0.01005141269828666,0.041558062308956985,-0.0024561387608690276,1
8.43748612782075,0.8372181841413526,0.06329351769258428,0.07463272859388673,0.10262495824478692,0.38757017749171113,0.011339210901302452,0.039826332300538475,-0.0018790654169424021,1
8.480438830321571,0.8534330199891198,0.06380596979901813,0.07630344584212014,0.10255777698194624,0.36752370243919075,0.012497476043102002,0.03798168014251708,-0.0012390694576111384,1
8.55078167724668,0.8781627073063317,0.06474426488981308,0.07886435238887886,0.10251095166824095,0.33584009961242345,0.014120087499065778,0.034863081254045206,-0.00006864866030949133,1
8.62112452417179,0.9007160986454933,0.06578527498068364,0.0812044619986566,0.1025513025403455,0.30566365989037714,0.015419187017972957,0.03174626063825656,0.001235978678712301,1
8.6914673710969,0.9212020739731029,0.0669069902247847,0.08332806296303466,0.10268761854210322,0.27707008784975873,0.016421072738249956,0.028698968082075605,0.002657400036484128,1
8.76181021802201,0.9397339605321539,0.0680893619062083,0.08524262617402714,0.10292759260525759,0.2501093331296867,0.017153264267818838,0.02576186755085251,0.004181639103059119,1
8.83215306494712,0.9564276776831309,0.06931443324414548,0.08695637938999268,0.10327807060836998,0.22480652762296385,0.0176419461458472,0.022970388009130576,0.005797989039650328,1
8.90249591187223,0.9714000763018562,0.07056611796454139,0.08847913565395917,0.10374524784122477,0.20116574384290173,0.017913017689417776,0.02034462513404725,0.0074984810432895815,1
8.972838758797339,0.9847676087104383,0.07183003974519997,0.08982253842419466,0.10433483360654779,0.17917322664391627,0.01799249867899469,0.017885441527401763,0.009277485631924041,1
8.99991619315083,0.9895098758946991,0.07231708068730947,0.09029453337748095,0.10459556289455012,0.17114117043381086,0.01797745269017148,0.016980900768124637,0.009982408039214805,1
9.021839808363527,0.980660354636875,0.07271003702697953,0.09053995604407784,0.10482073818502351,-0.40165520982077657,0.01782991901709831,0.005812580841681513,0.010559971040525758,0
9.047917149109637,0.9703013725485875,0.07316970150195924,0.0905507624406501,0.10510507817818851,-0.3928331484154611,0.017381060938690865,-0.0044984288820898435,0.011246662251144365,0
9.070371538046967,0.9615660260677097,0.07355392716712134,0.09037003614152658,0.10536418939300231,-0.3853762409543691,0.016816108974405247,-0.011295282018613292,0.011830933759907474,0
9.092825926984297,0.9529955900233378,0.07392404368161466,0.09005431895600274,0.10563629918500932,-0.37803195714541327,0.01613027527438808,-0.016577065702209542,0.012403788194814145,0
9.121882016031654,0.9421476530428745,0.07437831234732815,0.08949436013785741,0.10600720951076859,-0.3686818438267652,0.01511604779052926,-0.021651836886514647,0.013122421084055286,0
9.157539805189037,0.9292026664257297,0.07489325562124549,0.08864160730494448,0.10649023982992817,-0.35742532918773323,0.013748351683698992,-0.025847221303775973,0.013961903294190474,0
9.211563590400127,0.9103446616093389,0.07557714914930243,0.08713971321838511,0.10727668647912884,-0.340794463963945,0.011562564069082681,-0.02932487758662638,0.015130758469443003,0
9.247758481032525,0.8982069798303235,0.07596875804741027,0.08605843342621478,0.10783736494758264,-0.3299242851655264,0.010089675378804508,-0.0303891880342823,0.015838755194447062,0
9.283953371664923,0.8864588637379368,0.07630748806286126,0.08495126058473189,0.10842254644483271,-0.3192679797957547,0.008643772521870624,-0.03079033738422296,0.016484484365924933,0
9.320148262297321,0.8750926177538807,0.07659473335357966,0.0838377034192995,0.10902995774381045,-0.3088243146115721,0.007242970065719834,-0.0307318401377687,0.01706751063545278,0
9.35634315292972,0.8641005486518131,0.07683234543475116,0.08273171365249687,0.10965733132182376,-0.2985931481016196,0.005899368217745712,-0.030361899285433674,0.017588072412654563,0
9.392538043562118,0.8534749478042662,0.07702250150584303,0.08164291110941166,0.11030242268235531,-0.2885750105118352,0.0046204096035686315,-0.029785577001486884,0.018046937428165537,0
9.428732934194516,0.8432080841547906,0.07716759955663498,0.08057757168225974,0.11096302226015642,-0.2787707928540576,0.003409972125624758,-0.029074607435113774,0.01844528539628895,0
9.483806890677265,0.8282568033627501,0.07730758057689592,0.07901022544462871,0.11199308318596934,-0.2642651247518554,0.0017026448677327916,-0.02784134719450705,0.01893860245335846,0
9.538880847160014,0.8140906595998576,0.07735796153739921,0.07751383617941172,0.1130466830937893,-0.2502591905574422,0.0001558746420125129,-0.02651524972551976,0.01930098548617577,0
9.593954803642763,0.8006821019881608,0.0773274902451816,0.07609120047312593,0.11411677669960725,-0.2367537462564288,-0.001236289772055671,-0.02515571540314876,0.0195387173116032,0
9.649028760125512,0.7880035846313646,0.07722448083804025,0.0747429862656851,0.11519666983228631,-0.22374745293256845,-0.00248149457235515,-0.02380037877977647,0.019658201716072476,0
9.734556885828258,0.7696971414678466,0.07693901753342516,0.07279423819811484,0.11687838471393452,-0.2045306711549366,-0.004144779335310322,-0.021749676674525032,0.019624705123611887,0
9.820085011531004,0.7529837962470373,0.07652444931456402,0.07101568944745297,0.11854657952541416,-0.18649003071883302,-0.005508759867111052,-0.019800261761615714,0.0193463868033249,0
9.90561313723375,0.7377640903862015,0.07600481760133354,0.06939905528660853,0.1201813788260251,-0.1695978244689308,-0.006605762314725011,-0.017976083312378207,0.01884781949361863,0
9.991141262936496,0.7239411962118671,0.07540149885010072,0.0679343698916888,0.1217650113488993,-0.15382064048354546,-0.007467128958411923,-0.016280122547615596,0.01815377161124053,0
10.076669388639242,0.7114213366817601,0.07473341371908475,0.06661054716973873,0.12328182009771431,-0.13912095136010716,-0.00812286654934602,-0.01469989759558975,0.017289140552677197,0
10.208519636076046,0.6944653839599502,0.073614070214187,0.06482226735394793,0.12545853463172477,-0.11847520138643876,-0.008791802860239076,-0.012472117252026255,0.015678605388064985,0
10.34036988351285,0.6800778369752786,0.07242994422921299,0.06331098244266181,0.12740478220839388,-0.10013216427315834,-0.00911896178655118,-0.010487120388436884,0.013807958288012649,0
10.472220130949653,0.6679660434826307,0.07122123594028078,0.062045934533619514,0.12909179726953315,-0.08392633923193597,-0.009175301406661264,-0.008735651445988238,0.011759879070419425,0
10.604070378386456,0.6578593181100728,0.07001952130040838,0.06099787051878632,0.1305013351784839,-0.06969156398900644,-0.009021650781622058,-0.007199213188401993,0.009610869753065307,0
10.73592062582326,0.6495086658798256,0.06884904246027436,0.06013949801777925,0.1316246986820083,-0.057263672701807926,-0.00870954444249511,-0.0058554984810878005,0.007429338566142363,0
10.867770873260064,0.6426863983971207,0.06772781848883189,0.059446273112052556,0.1324615773472007,-0.04648237630368082,-0.008281545376779331,-0.00468707474541642,0.005274129617376241,0
11.065852779708324,0.6348614033924506,0.0661629810724907,0.05866720557340695,0.1331967828478333,-0.03304263874008954,-0.007495775499083757,-0.003227820426806809,0.0021895530187763168,0
11.263934686156585,0.6294057911506743,0.06476396731556455,0.058145189275517095,0.13334789303102007,-0.022476972736908008,-0.006618778040047457,-0.002081345031565573,-0.0006067411374992849,0
11.462016592604845,0.625796073371238,0.06354184142125259,0.05782373155329273,0.13298023448367863,-0.014331758606559051,-0.005718109867959863,-0.00119980914653289,-0.003041068421803932,0
11.660098499053106,0.6235944627583285,0.062496454978387225,0.05765508117572202,0.1321694623752522,-0.008196422146916658,-0.004841373802665208,-0.0005358892594882514,-0.005080828170918402,0
11.858180405501367,0.6224399875782434,0.061619789958641286,0.05759985798493991,0.13099415918666066,-0.0037038784322648228,-0.004019931973701374,-0.00004833199280860977,-0.006725699460622143,0
11.90380530843409,0.6222903308610109,0.06144048494871537,0.05759974579531465,0.13067982681018425,-0.002867018104195939,-0.0038407391534007185,0.00004244514566355121,-0.007050592848834681,0
11.949430211366812,0.6221773491293575,0.061269262419984004,0.057603613985842766,0.1303510999444565,-0.0020963832998250696,-0.0036656484341412374,0.00012593446407057517,-0.007356065941631888,0
11.978097358291784,0.6221237879276855,0.061165728572686436,0.057607932065972936,0.13013759300000266,-0.0016444783026272852,-0.0035577965067134995,0.00017486093538674396,-0.007538259532278818,0
11.999595869172063,0.6220919315666751,0.06109010039948048,0.057612069832815624,0.12997410769304654,-0.0013213208834967748,-0.003478030566664854,0.00020983244089370638,-0.007670040801202555,0
12.02574730057145,0.6378331089756482,0.061001989156379326,0.05779073311580534,0.12977151152567212,0.6043875682219632,-0.0032112560405739843,0.013136828773107238,-0.007821924789493026,1
12.0470224927797,0.6505611978816358,0.060938072984662216,0.05815995220852816,0.12960392420371553,0.5921528242942137,-0.002778120776134055,0.02134244441847765,-0.007930337682419884,1
12.074937708103176,0.6668702294948844,0.06087090443614398,0.058875424924364615,0.12938091773476662,0.5763626639920041,-0.0019954795117793633,0.02943062362457315,-0.00804110813518449,1
12.109492946541879,0.6864536835036443,0.06082186202818708,0.060020726828198756,0.1291015747576687,0.5571583321621499,-0.0008011351999883259,0.03626903462779551,-0.008115207046985512,1
12.144048184980582,0.7053791854250162,0.06081692350309964,0.061355559448312925,0.12882102579840002,0.5382710203081207,0.0005386359452132852,0.04057568578704502,-0.008109113962917034,1
12.178603423419284,0.7236569619276825,0.06085968001357765,0.06280612060515685,0.12854215004820388,0.5196626815225509,0.001946440591579196,0.043091268772148486,-0.008017495206008285,1
12.20478779027626,0.7370813313161301,0.06092471856449274,0.06394996397242067,0.12833377535256182,0.5057358181191651,0.0030252454079279303,0.04413069263610189,-0.007890172995754728,1
12.230972157133236,0.7501429572561155,0.06101793975481245,0.06511327569082366,0.128129382978138,0.49195466431665386,0.0040953359360112115,0.04461528940727744,-0.007713276978060982,1
12.257156523990211,0.7628456493388895,0.06113896014236815,0.06628314654092972,0.1279302602252506,0.47831911815928513,0.005144186398561568,0.044676300703795094,-0.007487786390250956,1
12.283340890847187,0.7751932394984825,0.06128708660052375,0.06744996351895702,0.12773766288067825,0.4648316392158345,0.006162876918433265,0.04441236214714569,-0.007215144133557689,1
12.309525257704163,0.7871896475966887,0.061461421100067824,0.06860644593667761,0.12755280438534186,0.4514963409036069,0.007145024836609788,0.04389913308124534,-0.00689706444057823,1
12.335709624561138,0.7988389215430909,0.06166093470513977,0.06974695999304802,0.12737685034420054,0.4383183444642379,0.00808602528790825,0.0431961338844615,-0.006535399603693959,1
12.361893991418114,0.8101452565219354,0.06188450689759139,0.07086716001289899,0.12721091646685073,0.42530342125993903,0.008982653115307597,0.04235032058040436,-0.006132071074687247,1
12.403627661984759,0.8274676955681788,0.06228763357916598,0.07260265982279908,0.1269697760209987,0.4049120957265008,0.010315026243633098,0.04079582004812361,-0.005407907299374198,1
12.445361332551403,0.8439485533124108,0.06274385073361011,0.07426934769339331,0.12676082772047456,0.3849765280252136,0.011525496959783207,0.03907723623518871,-0.004590632628407947,1
12.487095003118048,0.8596073747253021,0.06324803675707141,0.0758621415397037,0.1265878007349719,0.3655222131889403,0.012614104782632293,0.03726395525085324,-0.0036877430921635345,1
12.528828673684693,0.8744647381680115,0.06379513045752545,0.07737830131698745,0.12645412159451017,0.3465727825528076,0.013583170859461993,0.03540338624562861,-0.002706177602125979,1
12.570562344251337,0.8885421666852328,0.0643802175614504,0.07881658119618087,0.12636293941384716,0.3281492513391644,0.01443636363473047,0.033529216561079364,-0.0016522214996479443,1
12.612296014817982,0.9018620040700392,0.0649985651460304,0.08017684956349684,0.1263171545652256,0.3102697488515205,0.015178284417466437,0.03166500278010228,-0.0005315001945604702,1
12.677939062244102,0.9213354821638532,0.06602763718138047,0.08216035604354807,0.12634340970461908,0.28328323912473385,0.016132718862167605,0.028790699046153403,0.0013546262550112938,1
12.743582109670221,0.939083975767998,0.06711136340750948,0.08395815217425873,0.12649807165502272,0.25772272798852597,0.01684678876674925,0.026017765584451357,0.003377604837019459,1
12.809225157096341,0.9552021031997987,0.06823468475639954,0.08557785367851811,0.12678967072764166,0.23361339159306166,0.017343168922118568,0.02336488463956262,0.005524879766397844,1
12.87486820452246,0.9697855525475532,0.0693840259848039,0.0870278906237141,0.127226034935067,0.21096333352475444,0.01764386463891021,0.020843243848507553,0.007787339130566121,1
12.94051125194858,0.9829299809395698,0.07054724306526496,0.0883170579507952,0.12781451296810162,0.1897656100613593,0.01776981488553024,0.018459742317414197,0.010158998111688319,1
12.967782396632769,0.9879902278798338,0.07103198295614468,0.08880748329039287,0.12810538019349582,0.18138170211341884,0.017775500334248184,0.01751090379922272,0.01117556995961121,1
12.991430020652013,0.9921955031271199,0.07145218306456157,0.08921204304502699,0.12838022569851107,0.17431049536861548,0.01775985998046542,0.016707826030018916,0.012071782121422006,1
13.012088329843401,0.9887216104281994,0.0718186474305127,0.0895126265294071,0.12863779168529574,-0.4067126056114071,0.017693979098894405,0.009976583845588348,0.012865561125213157,0
13.03766107973944,0.978430423962878,0.07226733816106141,0.08961853587393452,0.1289794441160278,-0.39793733068419185,0.017351197712873107,-0.0011785310629040028,0.013854626379389506,0
13.06817957293632,0.9664402729035955,0.07278676101654541,0.08942360000798397,0.12942018738461636,-0.3876922287150458,0.016636838991438557,-0.01099747016275775,0.015027069414154664,0
13.098698066133199,0.9547614085419639,0.0732806691679459,0.08897452638455347,0.12989636710682195,-0.377662990812063,0.01569385721660757,-0.017967450019577547,0.01617464144829441,0
13.129216559330079,0.9433863692068502,0.07374334168673119,0.08834659973405108,0.13040703319452765,-0.3678247446336017,0.014603258047319892,-0.022842756526048367,0.017285076112037875,0
13.169258033490317,0.928912292256085,0.0742972873054562,0.08734136357387853,0.13112719330109918,-0.35517989775960673,0.013044076268422328,-0.026965647852032818,0.01867199948273575,0
13.194040261052116,0.9202055933878642,0.07460822586761953,0.08665138397231158,0.1316000762862163,-0.3474948891635643,0.012043158104692045,-0.02858031549414859,0.019485648303712653,0
13.218822488613915,0.9116880453566424,0.07489419607023858,0.08592851776594856,0.1320926784209247,-0.3399137827056428,0.01103432169570999,-0.029670686184894626,0.020262725576450716,0
13.243604716175714,0.903357103037654,0.07515516014202223,0.08518416529575892,0.1326040768377692,-0.3324347281620504,0.010029005153736698,-0.030353116822192647,0.02100207844693422,0
13.282060370608582,0.8907931749937611,0.0755111179387221,0.08400696857128112,0.13343263340553424,-0.3210286998172428,0.008495850632559018,-0.03081423575787615,0.022073088678914183,0
13.32051602504145,0.8786632204842417,0.0758090031098292,0.08282303540802123,0.1343005896887821,-0.3098641360737053,0.00701403229819203,-0.03075921584878766,0.023050619681141245,0
13.358971679474317,0.8669579712107095,0.07605114619598013,0.08164808300687536,0.1352043433990296,-0.2989412206200601,0.005596936810895223,-0.030355741020313746,0.023935100263711522,0
13.397427333907185,0.855668124629309,0.07624023083809407,0.0804928757235162,0.13614033021919159,-0.2882607879249749,0.004252644885422124,-0.029722191858698652,0.02472772396049285,0
13.435882988340053,0.8447843306907034,0.07637913108853236,0.0793647433894577,0.1371050501558297,-0.27782383268368205,0.002985612300925339,-0.028942711063706442,0.02543017657841989,0
13.47433864277292,0.8342972008530148,0.0764708323412854,0.07826835007092348,0.1380950787251855,-0.2676313180367248,0.0017975177296380707,-0.028074829000731754,0.026044525820469202,0
13.512794297205788,0.8241973174439248,0.07651835983953878,0.07720639903917743,0.13910707499638633,-0.2576840091914381,0.0006880391996386542,-0.02715645742503493,0.02657311131915621,0
13.585571439952556,0.8061097289605316,0.07649794146443838,0.07529578921898097,0.14107093705544121,-0.2395308829395514,-0.0012021522454574024,-0.025367113689672587,0.027347529084904256,0
13.658348582699325,0.7893113478830206,0.07634943183761439,0.07351637043361131,0.143080853577148,-0.22225536727696038,-0.002833061404003079,-0.023586103172414035,0.027841137159046712,0
13.731125725446095,0.7737384962010965,0.07609104551798954,0.07186477311874903,0.14511701998176263,-0.20585044882287837,-0.004226272399240505,-0.021850339949475408,0.028071967049336094,0
13.803902868192864,0.7593281944624648,0.07573937856923185,0.07033602291539405,0.14716094897304954,-0.1903037628630018,-0.005403355653837802,-0.020178628098923897,0.028057931692355414,0
13.876680010939634,0.7460185691323516,0.07530937379803751,0.06892532248881297,0.14919546359785857,-0.1755984151296143,-0.0063840513092245366,-0.018589234031254977,0.027816692419013345,0
13.949457153686403,0.7337491299806836,0.07481453536583137,0.06762724283404485,0.15120468832946052,-0.16171431725340255,-0.0071872925317865155,-0.017091840091146136,0.027366061838575373,0
14.022234296433172,0.7224609346836002,0.07426708360485124,0.06643529804889792,0.15317405710694895,-0.14862910177848918,-0.007831785555953319,-0.015683344649666434,0.026724208460192782,0
14.132893103282832,0.7070491066626353,0.07335807071800114,0.06481193343291738,0.15606271706157865,-0.13020835396027952,-0.008546137285083757,-0.013701319300822168,0.025422813462740307,0
14.243551910132492,0.6935808246344086,0.07238556332611425,0.06339782805974183,0.15878817671048243,-0.11348584411203874,-0.00898773526637242,-0.011899064517590425,0.02378532801125193,0
14.354210716982152,0.6818734766527291,0.07137710598294314,0.062173306042166254,0.16131674022914114,-0.09836496525358795,-0.009203799940776886,-0.010265883801584899,0.02187479530155647,0
14.464869523831812,0.671755324872945,0.07035534000923545,0.06112020149626051,0.16362161253590027,-0.08474701627176631,-0.009235138512974937,-0.008793836377426539,0.019752517380268536,0
14.575528330681472,0.663065565844522,0.06933867524587016,0.06022145183970895,0.16568263853800505,-0.07253301411169627,-0.00911722340616121,-0.007474017957434384,0.017477070348050947,0
14.750228614008357,0.6518939927080618,0.06777866671929163,0.05907809891955254,0.16840834282041992,-0.05587066056829256,-0.008700567799739087,-0.005673993237108671,0.013704301592309903,0
14.924928897335242,0.6433762210242823,0.0663097287704333,0.05822191233346714,0.1704673463201922,-0.04208848675086737,-0.008087816436966155,-0.004182141974080485,0.00987561837714849,0
15.099629180662127,0.6370406168537022,0.06495912059295501,0.05760213740187725,0.17186419957500138,-0.03082981965410344,-0.007356983191077762,-0.002958356380111921,0.00614736034897093,0
15.274329463989012,0.6324761176417879,0.06374216671296182,0.05717487010993196,0.17262758003100145,-0.021759879989339582,-0.0065672966030298555,-0.0019691636362598446,0.002638529189165303,0
15.449029747315898,0.6293279424111039,0.06266508532302136,0.0569021677623481,0.1728035803277826,-0.014567867737307926,-0.005762917560673257,-0.001183516375226449,-0.0005685507923083846,0
15.623730030642783,0.6272932026748151,0.06172740633850542,0.05675132434163517,0.17244960536997256,-0.008968811874323069,-0.004976081996870246,-0.0005703562707620198,-0.003424488533758532,0
15.798430313969668,0.6261164304644138,0.060923945604133264,0.056694625975421443,0.17162918592269719,-0.00470487095669349,-0.004229319628711821,-0.00010102199515424218,-0.005907400890350516,0
15.973130597296553,0.6255848981772757,0.060246335624144255,0.0567090576909391,0.17040774498421868,-0.0015456675108801027,-0.0035372779332051574,0.0002487565371977645,-0.00801700568978896,0
15.999645760382364,0.625549208631067,0.06015386852351128,0.056716240058325755,0.17019133281038726,-0.001149680090677302,-0.003437628465185527,0.00029264933497766634,-0.008305350734478432,0
16.020209068776378,0.6380071829401853,0.060084696697633944,0.056829904957852784,0.17001830835706386,0.611331474194279,-0.00325479173978116,0.010573424508355798,-0.008521250687361745,1
16.04808069634233,0.6548218965352782,0.06000079895535273,0.05728416724126782,0.16977703142380016,0.5951718616571969,-0.0027166317140849064,0.02144198854249558,-0.00878515300456058,1
16.06955517965281,0.6674711251028047,0.05994847868174794,0.05781516567274535,0.16958651355781693,0.5829315148494215,-0.002133313009002595,0.027723456740581687,-0.008953015760679799,1
16.104612570814343,0.687561203227676,0.059893375749337265,0.05892537999229566,0.16926903892448666,0.5632723542146121,-0.0009679957570416023,0.035018127540048516,-0.009140531636371874,1
16.126103728908042,0.6995385866689197,0.05988101086227257,0.05971332455830335,0.16907194111935797,0.5513917078129399,-0.00016768630396921808,0.038093702404597356,-0.009194718938186774,1
16.14759488700174,0.7112619840650967,0.05988634878580817,0.06055784925463398,0.16887420135176376,0.5396265471873751,0.00067150046882581,0.04035823518072419,-0.009198924773689915,1
16.16908604509544,0.7227337529732084,0.059910030574700984,0.06144338433419757,0.168676916624154,0.5279695286234469,0.0015333537594965849,0.041967655088132175,-0.009151518769021545,1
16.20394146208792,0.7408100199244348,0.059988236000561454,0.06293510654780002,0.1683607878210775,0.5092818930790821,0.0029468705472385642,0.04350294244949212,-0.008963035249145872,1
16.238796879080397,0.7582395712673177,0.06011562305615677,0.06446151981776718,0.16805361522991202,0.49085777590320007,0.0043458967616104155,0.04405086618292938,-0.008636990372943507,1
16.273652296072875,0.7750315021975855,0.06029107423235,0.06599447351349272,0.16776017117941242,0.472698609774151,0.005703399281142718,0.043897100345544074,-0.008176626492152754,1
16.308507713065353,0.7911951364427058,0.06051276199970341,0.06751366465514443,0.16748506565145027,0.45481170755122885,0.007000902655441017,0.04325010787365692,-0.007586806935009973,1
16.34336313005783,0.806740175140541,0.060778393297812684,0.06900444112674575,0.16723270445202132,0.4372080687602202,0.008226047828933068,0.04226304481113856,-0.00687330679261298,1
16.37821854705031,0.8216767510991552,0.06108533815139754,0.07045664316970811,0.16700728009665775,0.41990117458411313,0.009371305018310565,0.04104527809785237,-0.006042446696053976,1
16.413073964042788,0.836015473770092,0.06143074826467737,0.07186352349596681,0.16681276600205105,0.4029058726891684,0.010432775231289437,0.03967309998368132,-0.005100770349546676,1
16.47666807233495,0.8606730585751245,0.06215041800250123,0.07429969889382741,0.16654969143891793,0.3727496020862555,0.012149280891326185,0.03694340282406685,-0.003118002966921117,1
16.54026218062711,0.8834497509019477,0.06297040990507594,0.07655635126960142,0.16642280063442222,0.34376689607398125,0.013585941364525483,0.03408534148804833,-0.0008239949222251038,1
16.60385628891927,0.9044226140213321,0.06387318660458693,0.07863052638868342,0.16645083600206892,0.3160333015799445,0.01475733978409649,0.031202054197801986,0.0017491034789608613,1
16.667450397211432,0.9236730699068454,0.06484232463210989,0.08052385119445649,0.1666506600488763,0.28960756324579884,0.0156815265623466,0.02835618046601688,0.004574868314447749,1
16.731044505503593,0.9412857549866352,0.0658627675468325,0.08223958224806097,0.16703764826374998,0.26453037215310166,0.016376814701228468,0.02559743070415459,0.007632799941233706,1
16.794638613795755,0.9573473226075747,0.06692069695644132,0.08378311190777782,0.16762605299452435,0.24082644281943447,0.016862414951336502,0.02295608768053274,0.010907497593443958,1
16.858232722087916,0.9719454610807857,0.06800343870372708,0.08516211145590245,0.16842929760554323,0.21850636266252854,0.017158672752175377,0.02044041259758753,0.014387968539122914,1
16.95538823372138,0.9916215858037146,0.06967990748463733,0.0869699971907548,0.17010036055722877,0.1870683543596947,0.017290089706117465,0.016843377357597115,0.020088642607687203,1
16.98145812974262,0.9963950401116157,0.07013040288536643,0.08739711296737006,0.170644952507786,0.17917379772132386,0.01726671008200363,0.015926328524232168,0.02169623051588594,1
17.001641958051213,0.9990070675788386,0.07047859249875894,0.0877108412284542,0.17109562217028682,-0.4124231538201185,0.017232248729695254,0.014395906049112984,0.022963595760517836,0
17.022401663598323,0.9905237666979773,0.07083490286384538,0.08790033608965626,0.1715860351040338,-0.4051632910362822,0.01706543322581089,0.004176278396080654,0.024284872414443798,0
17.053134985054946,0.9782340293982072,0.07135126514887438,0.08784393858568647,0.17236260545990706,-0.3946375212947075,0.016492673436812086,-0.0073361573816175295,0.026251033756887733,0
17.07807697724182,0.9684956304617762,0.0717545335957771,0.08757146558700152,0.17303716290757534,-0.38626936891022273,0.015816931991224414,-0.014187916358374866,0.027837091331140866,0
17.117307089087163,0.9535961227760096,0.07235028569760422,0.08685488514306856,0.17417738000732938,-0.37338240514136534,0.014504599445464339,-0.02167405457696636,0.030282352279419694,0
17.156537200932505,0.9391961577501717,0.07289062924553139,0.08590434715603458,0.17541185892306893,-0.3607958104532424,0.013013717910503195,-0.02631853178541687,0.0326379074359549,0
17.195767312777846,0.9252844675145061,0.07337056953216664,0.08481223853053356,0.17673664145156864,-0.34848530102479625,0.011441668998366919,-0.02904931789013583,0.03488260726229869,0
17.234997424623188,0.9118505204932115,0.07378828950841343,0.08364028814607763,0.17814710568919134,-0.33643775659027425,0.0098519986376642,-0.03049086700768443,0.03700403298233983,0
17.26517283027744,0.9018359394555764,0.07406734190738883,0.08271103033257524,0.17928719358794326,-0.3273456364255903,0.00864368842518641,-0.03099333091927776,0.03854752336371272,0
17.29534823593169,0.8920934421728665,0.07431029719497458,0.0817726655937197,0.18047267599025094,-0.31840386898520145,0.007462368398745131,-0.03112428602302045,0.04001233793624352,0
17.325523641585942,0.8826184993285899,0.0745180957987166,0.08083495435063924,0.18170116830467162,-0.30961201801024746,0.006316858551922641,-0.030986231483248396,0.04139777290162187,0
17.355699047240194,0.8734065888360926,0.07469192323931642,0.07990472162510054,0.18297027260101198,-0.3009702784120176,0.005212798385784118,-0.030652530681303945,0.042703877311254426,0
17.385874452894445,0.8644531773806903,0.07483310709564218,0.07898682441285268,0.18427759857265755,-0.2924791293229894,0.004153717317210495,-0.03017698695706423,0.04393116333725656,0
17.416049858548696,0.8557537130661497,0.07494304779568865,0.0780848164468348,0.18562077724474252,-0.28413911471533465,0.003141768651146154,-0.029600425115566376,0.04508041353707505,0
17.446225264202948,0.8473036262822147,0.07502318479072534,0.07720127366858338,0.18699746809332202,-0.27595075026427635,0.002178088877858045,-0.028953914493553317,0.04615259859714373,0
17.49535173246101,0.8340682533332726,0.07509365640313503,0.07580681915308284,0.18930449900376758,-0.26294533515192886,0.0007131627499478016,-0.027810245776516092,0.04773618563949816,0
17.544478200719073,0.8214618675557599,0.0750952712267658,0.0744703823368801,0.1916844967042243,-0.250344216579966,-0.0006248888898857108,-0.02660884965669397,0.04912387824658565,0
17.593604668977136,0.8094645958958715,0.07503418043320655,0.07319355311258911,0.19412797665633316,-0.23814761225015302,-0.0018406273206174328,-0.02538826124940765,0.05032153907443381,0
17.6427311372352,0.798056584165943,0.07491627152109627,0.07197648376110782,0.1966257445543492,-0.22635448275258643,-0.0029397877599884464,-0.02417228892403723,0.051335147925725265,0
17.69185760549326,0.7872180599604958,0.0747471180148858,0.07081855440819514,0.19916890401561393,-0.21496255648786328,-0.003928563606690666,-0.022976605252544535,0.05217070110671222,0
17.740984073751324,0.7769293907328895,0.07453197568538623,0.0697185977989867,0.2017488578909023,-0.2039684785143663,-0.004813377886399531,-0.02181097677215672,0.05283424829100012,0
17.826883145018346,0.760202424779463,0.07405995361857375,0.06792988646936632,0.20632365856610632,-0.1856877364719216,-0.006130067149207427,-0.019860704798262758,0.05359969336145001,0
17.91278221628537,0.7449951695935612,0.07348642024130723,0.06630386059968697,0.210943640889059,-0.1685811778764738,-0.007182559641620262,-0.01802948102806394,0.05389175841115873,0
17.99868128755239,0.7312081569592025,0.07283269250911312,0.06482997670469681,0.21556962172974933,-0.1526139190968999,-0.008002715804416305,-0.016316278637023073,0.053745042312401806,0
18.084580358819412,0.7187451363919424,0.07211746440781015,0.06349801499169448,0.2201654180848432,-0.1377465704180509,-0.008619449416115671,-0.014718709062851412,0.05319518770124074,0
18.170479430086434,0.7075134320692732,0.07135705920182793,0.062298226096323364,0.22469796602660635,-0.12393665696707032,-0.009058833105504566,-0.013234483124405692,0.052278963056076176,0
18.305911257527452,0.6920922710704609,0.0701002551637007,0.06065224492840974,0.23164458288457526,-0.10420367617233905,-0.009448010235290967,-0.011114561433982843,0.05018269279313133,0
18.44134308496847,0.6791832905054453,0.06881217072519168,0.059276126486163046,0.23826038905662608,-0.08680893994520403,-0.00953604423902863,-0.009246476026477095,0.04742127115957327,0
18.576774912409487,0.6684820528339535,0.06752864804692588,0.05813721085154882,0.24446560040412266,-0.07156921932270023,-0.009391437195377057,-0.0076092964262053624,0.04414382583248968,0
18.712206739850505,0.6597089390579199,0.06627707959407494,0.05720555655923589,0.2501999294656982,-0.058303139508603316,-0.009071523034839053,-0.006182623886838431,0.04049402915544921,0
18.847638567291522,0.6526087101240802,0.06507787731156828,0.0564539048833761,0.25542218477418055,-0.046834019847079425,-0.008623972428192177,-0.004947510952608815,0.03660639818398759,0
18.98307039473254,0.6469496849456227,0.06394562094041856,0.05585755498519921,0.2601086657953309,-0.036991337620553205,-0.008088065955219347,-0.0038862783388565543,0.032602386782071134,0
19.118502222173557,0.6425227761911284,0.06289005501694332,0.05539417062092967,0.26425102591664906,-0.028611755106395458,-0.007495884396013654,-0.0029816654695653823,0.02858754144695838,0
19.253934049614575,0.6391404490825998,0.061916987965404235,0.05504367376923202,0.2678539925601989,-0.021540027677982524,-0.006873314196172216,-0.0022169619259839886,0.024650089870568923,0
19.389365877055592,0.6366355907991376,0.0610290846021037,0.05478816498195074,0.2709330413659202,-0.015629762894843597,-0.006240919620152954,-0.0015764985974363037,0.020860732195485985,0
19.6166993315389,0.6340034885181075,0.059730075887906596,0.05452993172869146,0.2749915193069469,-0.00794731566449433,-0.005200144159215138,-0.0007409757285888457,0.014975406766669815,0
19.844032786022208,0.6328442651985497,0.05866099284876054,0.054432214367444644,0.27779075626037647,-0.0025696261426704243,-0.004228778481315899,-0.00015288045419458557,0.009813491913673433,0
20,0.6326576361625513,0.05804987238989657,0.05443189769706621,0.2790747983002161,0.00005404204309688367,-0.0036179746928303586,0.00013561857619861215,0.006721041484900152,0
